
--\\ Hella Is HellaCute So Be Mad -Hella
--\\ MAKE SURE U DONT BREAK THE EMOJI LIST CAUSE IF IT FAILS IT BREAKS SCRIPTWARE

local Diamond = {
2764361513,
2038759628,
2351144328,
1688589423,
449952176,
2438792233,
17597481,
50813900,
}

local cucumber = {
76174248,
2473687614,
537121224,
301276266,
1947198187,
1699430332,
2698012548,
1739828591,
1561691769,
1675056477,
2690046779,
171832854,
1057299343,
205897053,
1222177490,
2025830384,
1993771454,
651733170,
371052654,
241023707,
76801848,
1892305685,
182682813,
174869110,
2535595559,
185677298,
2692858174,
92387887,
500046216,
1669474920,
2529554134,
2620887608,
1455781815,
444052573,
1886654472,
1487611719,
1759843581,
1286725789,
340736620,
1333142164,
1096454087,
1511653060,
567061791,
350549342,
264158127,
456464118,
559285229,
2207909463,
472662742,
326079156,
2258359548,
107364787,
1954601731,
632589208,
1522923060,
2620596608,
2620596608,
907596103,
1696334070,
555710383,
1643367498,
1562542345,
1147204442,
2634061960,
1858053491,
}

local Raider = {
559285229,
1569892972,
358962553,
1112423310,
1944972396,
1768008821,
1159252938,
314061407,
1944972396,
1938881174,
2037130232,
466611368,
1597937774,
1588475412,
1625904038,
248841053,
}

local medal = {
1277970851,
}

local ABC = {
1404309014,
559285229,
2025830384,
2357010923,
94752402,
76801848,
17216927,
3351674303,
2250205547,
96471091,
1987199987,
1440893795,
19252895,
1277970851,
1644697181,
1371202024,
466611368,
2015799399,
271299821,
1799792088,
2714536645,
2358540713,
17216927,
463519168,
192528958,
330648345,
109415966,
205010970,
675586857,
1022463418,
2250205547,
}

local senpai = {
17597481,
}

local kristina = {
1688589423,
}

local iscool = {
970976,
632589208,
1798268454,
502426587,
662607189,
}

local Heart = {
2217550788,
2220279938,
2493569721,
2628995520,
123566455,
1789148165,
2577863211,
1420415907,
2042986005,
2393783487,
2698012548,
186778008,
259494229,
44694442,
1663441668,
2603568820,
2420371082,
121250653,
173947820,
101260047,
1950243554,
472633823,
579359245,
2392320126,
2359442558,
2209095646,
423781130,
2337071466,
17894,
76801848,
1789148165,
2844,
154756161,
220134614,
1021055949,
521544315,
104163037,
1654362429,
2391680378,
1810626933,
1594457128,
695178713,
74082102,
1699430332,
205010970,
1663441668,
541984990,
2054087109,
654608036,
23035348,
543651684,
204870479,
115376030,
84646291,
291440752,
129514820,
1832127844,
2009335462,
2474781477,
1464353830,
341459872,
1757447612,
2312739638,
103473993,
}

local Crown = { -- ðŸ‘‘
2506094299,
1200182298,
1951583629,
1646813883,
2025830384,
2729703821,
1835666179,
81962199,
1265819,
2292608299,
455353422,
2580339280,
2341793313,
1740249140,
100219006,
477522622,
2698012548,
416595217,
75505891,
193712899,
941977,
2377304655,
729041721,
1334591946,
2066606134,
73822582,
2711378951,
420534809,
2045297791,
2620887608,
204143285,
198442732,
2537013349,
1962357138,
457945108,
160578797,
2433262529,
319364021,
2562985544,
2288632143,
1908567492,
2478427586,
2689746236,
1214581784,
1159549950,
519100287,
458423342,
2203859765,
2418360105,
1830653336,
1052840767,
347856565,
2385413377,
3708682,
175530861,
2322652593,
180637006,
2395613299,
748134395,
2312924305,
2410556250,
2410556250,
174869110,
76801848,
444052573,
515793350,
197591138,
437974232,
1302369057,
2253920958,
2598428633,
92387887,
2628292031,
2400684842,
92387887,
1639883773,
594584587,
500046216,
1924849123,
775710497,
874320216,
1091704066,
2032769740,
466611368,
654314079,
1054175735,
405922557,
907464103,
350423816,
162116962,
1508682872,
1543035065,
1628761546,
56321284,
180998163,
1282497505,
1265277088,
45841028,
38320454,
980101963,
1675608707,
107580995,
2514871377,
344189908,
2349472249,
2623405402,
386586160,
2486981858,
2381511311,
182064079,
1427718826,
92387887,
164758736,
1070268982,
162116962,
496912039,
2281051070,
2535842147,
294334925,
2395699910,
323359541,
1429569,
2535595559,
524256280,
2067354600,
2412303188,
2284026179,
2301820908,
30407238,
143327835,
2429813153,
2335977209,
120849990,
1995965306,
2282763721,
1054118,
2266287817,
2388392997,
2237644323,
280006,
1957521952,
2055248698,
492526471,
527613257,
340360544,
303254986,
1657843102,
2379655347,
2592063769,
2407828994,
445598960,
2608393018,
2610753344,
424258939,
2563537237,
133962762,
1810568322,
338802796,
1934677873,
1285833288,
2554122786,
1486859260,
2060072135,
2488704382,
1177427284,
418669986,
311844460,
2375409019,
2237812423,
2422995285,
900573772, 
105401144,
2038279931,
182448910,
60833803,
211344942,
87876013,
2327107768,
78804151,
349828032,
677430012,
1753491849,
202188255,
2735175735,
472251921,
1335269397,
2429022046,
2262511678,
2599904893,
703846688,
102960505,
2654141744,
33669072,
2447729742,
121266082,
1463901056,
115151204,
1651862302,
2375863535,
264158127,
2534384994,
2656407075,
2469637127,
1679195515,
1628761546,
2578747782,
351275546,
1619444446,
1175920573,
146486955,
121266082,
1871568883,
1753491849,
136201407,
2514588952,
162116962,
552409957,
2252699399,
2394118222,
2230548582,
}

local NoEmoji = {
}

local ja = {
1335471269,
}

local Tear = {
1928021622,
90704975,
51405555,
}

local Lighting = { --âš¡
124430778,
393408533,
2385413377,
2395758604,
120692749,
579359245,
132620595,
2374258463,
40781734,
354679335,
440070050,
1404309014,
146330894,
2312139243,
1580304454,
2390505044,
2537182203,
2420257363,
447939469,
1382324180,
704071723,
2016942520,    
}

local Ghost = { --ðŸ‘»
1758094379,
300422804,
1623988523,
1164288376,
2582574689,
1326050294,
1350525106,
988012783,
904712188,
1311647243,
418197347,
418260785,
842854282,
2443842021,
208092258,
1915771061,
2341793313,
442208586,
2350372754,
1059023987,
266068636,
1999000648,
643226362,
684118758,
1446263847,
197591138,
674856074,
227710872,
1071568136,
39747353,
1770306165,
332010968,
2221731792,
116243009,
1671527033,
193558288,
663275231,
531200886,
1936938682,
418087873,
2214789363,
1920087114,
1479974676,
2035429138,
2595026307,
17597481,
2552099788,
2443652033,
113275110,
2208179869,
217698991,
528090477,
1695752629,
134749734,
191198831,
1125885551,
2678231742,
1563034032,
}




ModIDS = {
675361968,
512760857,
1321052354,
2217550788,
1758094379,
76174248,
2506094299,
1810758659,
1200182298,
470054347,
1954060197,
1562769179, 
1715945777,
686648428,
1404691127,
2518764589,
1951583629,
115122707,
877508183,
669670383,
2756402746,
1194279285,
1597327223,
2612075152,
1542492507,
2220279938,
1918425000,
1476499480,
1333722628,
1792119817,
890723122,
1856062264,
769840759, 
1844110124,
23507021,
110575031,
87532735,
107180533,
149324533,
2659302004,
1740066205,
66244641,
1427680293,
463739334,
1382973,
49816780,
1335230271,
866161586,
41384182,
203754921,
1646813883,
90704975,
190392208,
2537013349,
1962357138,
1223362857,
1966151778,
963791458,
1924700174,
597703870,
173236544,
2032902648,
1713982468,
2014570804,
2506238279,
284799062,
1164288376,
457945108,
2473687614,
984033774,
1696302179,
537121224,
2493569721,
391728568,
365811981,
542675276,
873434934,
910256362,
1066568654,
481557033,
2316710489,
2610918574,
1262379543,
2245955827,
356290213,
514951676,
1832122700,
2353334094,
265147536,
2594096174,
88709923,
1241163012,
174853318,
2330507798,
2229798076,
501392134,
153033468,
2582574689,
2403812121,
2759847392,
1715004298,
607539341,
160578797,
417799620,
2536244303,
672244259,
2562985544,
356092762,
1908567492,
584047197,
479990735,
1721516498,
2013495509,
948103617,
655444001,
95520231,
532449811,
94877182,
2214084194,
257351145,
2437468940,
450077336,
124430778,
203708123,
2627220493,
522697538,
2672824564,
1251293519,
461905506,
1147505939,
484787619,
159523713,
2406939482,
2471243671,
1082243670,
125489787,
1716813170,
2273419456,
2360466673,
1688591768,
1508730659,
1057299343,
2478427586,
766657053,
223523344,
300422804,
59549085,
36061588,
704152798,
1892460824,
2628995520,
393408533,
191757054,
2690046779,
616727289,
308919761,
2503162273,
1079606802,
2635403611,
2275380010,
2689746236,
578177007,
1214581784,
1159549950,
185704066,
161440981,
458423342,
1567839646,
1484752743,
2526580501,
2236488314,
1195915816,
2688490642,
263556449,
1537674631,
2575217643,
145639426,
1384133407,
1274196856,
471053481,
223347413,
343771157,
1036802991,
1839609956,
1326050294,
1304063683,
104280379,
2203859765,
1219717032,
135957998,
414080538,
537435153,
2591236643,
1350525106,
1871259950,
1402058437,
895250390,
2508235109,
297778822,
2689615528,
186778008,
2021061642,
459748995,
169076646,
1391918049,
197688295,
1393915087,
1860675719,
2063050724,
2478150802,
146216804,
2389835744,
237823058,
1052840767,
1277326737,
2568634761,
411433452,
1404189471,
1297752714,
376435015,
1808931649,
932370209,
1804827143,
1804827143,
1567698115,
188435691,
2398483303,
2025400464,
988012783,
175530861,
405978609,
202386576,
97523864,
103473993,
491709344,
2016942520,
566662459,
322329174,
1553345247,
698581978,
180637006,
1933921174,
215285743,
1053821799,
1028237771,
118770522,
969017656,
2516634171,
1751572297,
1933879644,
1151583979,
418260785,
23035348,
2313498768,
2395758604,
470887230,
665046622,
727202532,
2654090597,
76610271,
1443735078,
1783950382,
64867388,
205999718,
1970213090,
475803547,
155751602,
1863937789,
904712188,
963855237,
2494391484,
218303485,
319756360,
220798711,
1532895942,
1058511659,
887948295,
50985920,
585721773,
1114650473,
2502305782,
1594563817,
2291768016,
481563963,
2665185332,
120692749,
1074356316,
163445630,
2288632143,
629618789,
681493261,
1339640048,
371052654,
391521123,
31367700,
202855049,
2055290476,
489614339,
247922810,
1845882379,
1578119560,
2602038118,
2396490935,
2358042326,
437974232,
2409175978,
449386742,
958404172,
1922865542,
2577863211,
1284344325,
159396465,
1922865542,
1414984650,
1015570758,
1535359241,
1278077934,
2351321039,
2431388673,
2381305499,
132620595,
2415325909,
405922557,
2597435232,
754220416,
2407815131,
2332403219,
425047764,
1461929330,
1543035065,
120534186,
164758736,
567061791,
252875760,
1070268982,
208092258,
1412324079,
825349850,
1696334070,
463656450,
1327290121,
123797090,
629765563,
2638052088,
361514757,
2443842021,
886641893,
2467290792,
2256074974,
1529072043,
2270901041,
2721308981,
189102188,
2412645792,
202188255,
1810568322,
1956077471,
1757532116,
332010968,
1886448402,
534571442,
92838990,
2591744858,
1941941053,
2393783487,
583649329,
1626378387,
513534714,
290661970,
71297233,
276510893,
185677298,
2339340909,
1118740118,
2401071336,
2406341246,
862902322,
16138978,
452415096,
383648863,
1753015565,
1442263080,
623127219,
320192279, 
2391845013,
2368440001,
1418005548,
1728215624,
1678603120,
528467518,
1002363363,
596633755,
1645957420,
2025850398,
493566446,
878978844,
143327835,
2569276502,
1181614445,
1622298554,
1795648856,
1805445540,
244844600,
463233626,
1671166677,
319364021,
919199133,
472633823,
482429247,
352810135,
842965484,
2716695116,
32668018,
2037130232,
123632066,
798818562,
2038518617,
2526841354,
861621622,
1806866624,
2294727554,
1142319229,
2559947260,
2602791837,
1626378387,
1748485826,
2401671006,
456588792,
2636141331,
2717451841,
961127260,
2381147113,
997003910,
500046216,
73822582,
2610753344,
2628947288,
1416261662,
2292532273,
632589208,
2229868667,
443935194,
2603568820,
1361490073,
2216149386,
314061407,
2429873544,
2535842147,
2589334960,
575154070,
2442647039,
973864243,
2573695712,
2567733459,
1219461259,
2067354600,
193558288,
2206674642,
78636915,
173937820,
2568646882,
1735,
29066197,
205333245,
2395699910,
147978544,
248841053,
1177427284,
1343944924,
855814555,
717608226,
32220196,
909602039,
74131410,
79039982,
2574944155,
1588475412,
1049858650,
2557904457,
86592761,
1352798041,
1208001548,
286638417,
2237644323,
283223102,
2443939826,
--969192549,
1429503503,
114133140,
2641704305,
335103483,
1753517865,
475725919,
1232494512,
1411069473,
220668063,
1709347744,
2610963438,
1588475412,
1471259344,
134419712,
22212366,
2537959511,
480115677,
154220234,
2473054409,
280698299,
1954601731,
1509806631,
2210511300,
1709347744,
526930893,
352810135,
1590853077,
1965692239,
280513484,
1990399959,
114130503,
736943302,
2536326168,
1936245132,
1080419875,
328856879,
2500107418,
394495511,
495441654,
2563647906,
2238419751,
2326744306,
1851815583,
1185770675,
1640872871,
235048271,
1212519113,
2461517536,
2230548582,
1181268241,
2357010923,
1765373193,
2622523354,
252479400,
143924780,
1261160947,
1116137508,
1601160824,
1093327856,
1687280652,
2325654995,
2518248739,
130973192, 
275350317,
1934680670,
224582132,
2240402827,
2649397167,
2318273167,
55119345,
204870479,
847987790,
1566532229,
1040765797,
759397809,
465567500,
643226362,
2538001341,
2489749544,
2350759383,
642816332,
2690254681,
1333142164,
182329774,
264122669,
396052258,
1711536053,
84264157,
2250565286,
2518248739,
1881779929,
2486981858,
2506529397,
1531105714,
2056319401,
1255649374,
116243009,
2459389513,
83291012,
2389133593,
2474194425,
1538378385,
2410575418,
814420817,
2335977209,
36724993,
294334925,
86618921,
2475934341,
1578824556,
1486859260,
570053338,
2421217164,
138933958,
2208861941,
2379655347,
1910130312,
2648112041,
2552818628,
484757047,
2711378951,
201482576,
1277392919,
2486308749,
122939757,
2510943705,
148002893,
272510422,
2586032989,
123566455,
69757519,
377023178,
2688334025,
227710872,
2461928686,
2539149936,
1569892972,
76620546,
2009114598,
2614574917,
112086559,
2665065723,
99780231,
2562592050,
280006,
2219938160,
376231729,
1818962939,
2721170080,
529750000,
1704497771,
2433262529,
1949405947,
1602019248,
1644697181,
1147204442,
2634061960,
99271625,
2382398946,
2042036471,
1698317953,
1635380994,
80961558,
1902228703,
1594457128,
866525044,
1951781392,
73464739,
960601100,
1725145395,
2411886358,
1963114830,
1051493079,
2480910928,
588851988,
1890264391,
1570372462,
2663563248,
110147830,
1535454651,
386121476,
1958055994,
2347277344,
1929808246,
342432803,
1219375105,
69924376,
271299821,
1191808701,
2623086474,
2844,
1712239258,
567177742,
1796440979,
148242732,
336935745,
2320149468,
444052573,
2396159201,
185015919,
72822582,
452691133,
1843955772,
1657843102,
2552205651,
1244582455,
331579568,
344933031,
823169928,
162650949,
2544133497,
2227525102,
1120207194,
2570756537,
38030994,
1720342830,
189390705,
907464103,
136704797,
2297245231,
1425531502,
1373856369,
--1909881989,
1328166865,
290730186,
1022463418,
200873508,
352626717,
418224582,
78730664,
1684581101,
1346075586,
1420073981,
2653380563,
638958,
111996299,
641707181,
396194461,
2380215302,
76899044,
1708675333,
2536860547,
2052766817,
144575010,
817363150,
360512655,
2348711982,
2322136239, 
2289028005,
2437633476,
2570233315,
312944492,
2732506636,
527613257,
485712067,
1993608143,
842965484,
939972910,
848096218,
2412303188,
1902324462,
170055237,
2297357381,
1903053690,
684198618,
201423332,
386956126,
1566037448,
1420611469,
2008958306,
2656407075,
2510713481,
87157730,
166688007,
1523513359,
1928721386,
1346075586,
220480772,
1404309014,
2728391603,
1721822454,
1718358470,
326079156,
2215257401,
2032077674,
203141207,
 1540769044,
2467780294,
2320182097,
1816548547,
582366014,
83982670,
348359144,
162279226,
2056511904,
1712881938,
697269133,
1926303313,
63214797,
863581549,
1599091190,
180264825,
561740576,
123965039,
506138068,
2662007060,
106095629,
1199433561,
1982920528,
1597980708,
126550724,
341763380,
208428765,
241023707,
143265538,
473958558,
422394393,
508969495,
545893825,
1830011859,
704553783,
362008,
2028504211,
2552099788,
210070553,
448782258,
674785447,
1590632305,
2225640717,
1531611411,
381598630,
1505937890,
512760857,
1892305685,
826627740,
1654185636,
1412756654,
2312947768,
584007484,
1605758222,
2202412220,
2319054190,
1690172547,
329463581,
500976988,
2349305587,
1832127844,
2411552526,
866274528,
365498689,
510924946,
1750595860,
2270127663,
1103061932,
370312423,
2397065119,
2217521517,
2341797711,
448864392,
1362588028,
202188255,
368439608,
2385167896,
391064207,
2344371496,
893270058,
2250205547,
299972823,
144705538,
470054347,
2689606411,
1163681119,
419281525,
2311382181,
1759789547,
--585721773, DO NOT WhITELIST HIM
1635555107,
17216927,
2299978970,
88628652,
555753,
2395898312,
386519714,
2441041447,
2034543936,
1898380864,
2377304655,
2354686268,
2008384373,
88628652,
151159064,
174877879,
2255901732,
150782340,
279612035,
94752402,
1784492039,
67816141,
129473487,
1748385865,
274163264,
57320858,
1562542345,
367745978,
1574929995,
719035703,
109546159,
5331531,
559309338,
1335471269,
6705950,
2752890118,
1939619330,
2281051070,
2650200502,
2381898817,
153946487,
2253920958,
478227340,
303254986,
412403852,
98200520,
108755052,
1345056805,
105411357,
2395540435,
1532808282,
1077229493,
1834911479,
7158715,
2434425179,
1602391567,
1595220440,
143945578,
482820188,
1874734169,
531170238,
200958955,
1740066205,
1999000648,
502700624,
2314551913,
1757447612,
2542868631,
2572939140,
1938936131,
1483059968,
2242328884,
1850357891,
883523227,
2520357497,
1601563060,
2601598718,
57892737,
739934, 
1072675695,
1629066420,
2730963434,
25618166,
84789866,
2620899031,
2796035081,
195695405,
2427871584,
2389974753,
2429279479,
1989009394,
84570351,
366604863,
421538396,
1481404,
154370645,
58727938,
2245821532,
289380476,
2586447738,
907596103,
66834927, 
2339150649,
22782785,
1418005548,
2047683045,
1645957420,
38346703,
34299478,
2385302601,
1538627905,
1611881686,
1605020394,
2584148228,
377818872,
2017260509,
156779034,
2284958001,
311316290,
2553714167,
437907535,
493664200,
1339074489,
1523809503,
975199554,
1056277247,
1066738864,
2272002067,
391532245,
1363416556,
2243222626,
287578902,
    470735338,
   2001452655,
    2466497374,
    2204784205,
    1270627310,
    1517929427,
   247242740,
    827901412,
    81962199,
    901615229,
    1222177490,
    1748944364,
    1463901056,
    2698012548,
    92387887,
    2443752518,
    1198073337,
    149560784,
    2020273151,
    1559040764,
    918633288,
    2713841208,
    2569402618,
    2632326575,
    1763452386,
    144956042,
    73206665,
    2333851539,
    1623988523,
    114080011,
    874735544,
    1183558131,
    1012846870,
    2285752176,
    1586865064,
    1367383725,
    176650020,
    1809701478,
    338465537,
    17894,
    2728776915,
    203505581,
    120824276,
    1410693431,
    2345921158,
    2635197253,
    175145714,
    1423161592,
    2003907262,
    94325087,
    2385413377,
    340365503,
    551263514,
    1965910711,
    1373941255,
    1040904267,
    2391421905,
    701419899,
    2383170201,
    647735666,
    2391680378,
    1390147491,
    73549478,
    490462769,
    2477771392,
    2443062612,
    1777061272,
    110725976,
    199911796,
    1821557318,
    185324476,
    1551977321,
    2537620560,
    329469009,
    1729677219,
    2052022071,
    1122894511,
    1215258332,
    2464456068,
    1697337448,
    559285229,
    418037905,
    1862824183,
    2761634302,
    1616855072,
    1651387139,
    683258011,
    2331967669,
    2015799399,
    2231010058,
    1514473542,
    108065036,
    132590208,
    2649911475,
    2509161782,
    2421268494,
    398774629,
    642531503,
    459022409,
    102263398,
    18012125,
    376928145,
    1137783085,
    675586857,
    2428113489,
    2491792950,
    2603287829,
    596437309,
    1549484356,
    390571103,
    1792286742,
    562358811,
    462116900,
    2481727617,
    2607036435,
    197591138,
    2553370642,
    386504360,
    651733170,
    1569594526,
    191198831,
    2397073069,
    2005860953,
    1561171294,
    1795351826,
    2278950101,
    451805689,
    108291756,
    364726566,
    477522622,
    671648924,
    479780182,
    868475793,
    2300320936,
    2672389472,
    1917980822,
    2502167912,
    2330087431,
    323359541,
    1959633871,
    2576889091,
    2529483670,
    1915771061,
    520835989,
    2514871377,
    2592856043,
    1002466480,
    1122600474,
    2516752729,
    2410968853,
    531200886,
    478114842,
    1550738594,
    278632296,
    2274804093,
    1568218706,
    2682109793,
    357258664,
    2447729742,
    1054917046,
    326727652,
    297519421, 
    270391328,
    227362623,
    200129961,
    502426587,
    1484893515,
    969396216,
    110121722,
    417922548,
    560264581,
    610075537,
    1636999303,
    2358540713,
    137076073,
    2223224443,
    2395613299,
    143037991,
    1820547985,
    460253985,
    1815131199,
    1241654140,
    1248674339,
    1342620060,
    723208035,
    2599658402,
    556315880,
    96576467,
    507046761,
    1091426892,
    1631032360,
    418193268,
    167914842,
    1631032360,
    2431193349,
    130066086,
    1864736726,
    2582754603,
    1326224985,
    31714597,
    1837932213,
    1865074823, 
    2667435793,
    871839875,
    558213644,
    680280031,
    2407477902,
    86913323,
    1666993566,
    105401144,
    1393980331,
    870128379,
    84646291,
    2747476440,
    2235008536,
    749453302,
    2395882469,
    341383871,
    1820547985,
    1623048792,
    1853949603,
    2757181751,
    2479666468,
    2007106554,
    2445736203,
    1858314227,
    958546128,
    350935143,
    519100287,
    2346298755,
    367454340,
    316606609,
    1737164365,
    1946986871,
    2403776819,
    1817778695,
    301607665,
    2278315831,
    296997474,
    2034040615,
    147386459,
    1427718826,
    967745999,
    1750754728,
    1304923453,
    473352029, 
    369658201,
    338802796,
    2427950808,
    1046199381,
    1526908640,
    1047257904,
    1660461282,
    1702724322,
    2574028961,
    1901063797,
    1285833288,
    2218301642,
    1581612339,
    1534573628, 
    787052807,
    346776656,
    432008779,
    2283517167,
    1743864794,
    62465372,
    291230118,
    704342284,
    726250602,
    620905182,
    350559564,
    429625686,
    90851851,
    237985153,
    472662742,
    73032048,
    1779799285,
    528090477,
    2434234068,
    150037389,
    2039691779,
    2246166601,
    2425677586,
    1800733391,
    221764347,
    1258366657,
    995163331,
    2620596608,
    2671278568,
    1588801641,
    1113618298,
    1486668677,
    1510371230,
    1114865590,
    730101728,
    482885474,
    444052573,
    653779510,
    2562028508,
    2518166,
    1790668862,
    2204150466,
    1611645377,
    829793195,
    1219249796,
    419761852,
    122948010,
    2678232558, 
    2377727591,
    93037241,
    1506326064,
    1288962690,
    256237759,
    2611979528,
    2341063349,
    2432905842,
    2352153224,
    1744427313,
    1208001548,
    486142488,
    1768177720,
    438532233,
    240119090,
    592249066,
    1008051293,
    2633020290,
    1675956735,
    1688021930,
    2508235109,
    1077176038,
    1104425810,
    1385279446,
    1715686520,
    34000613,
    42786432,
    524256280,
    31843798,
    1819726481,
    2017101699,
    528511883,
    1839120020,
    467661843,
    56156555,
    2208880350,
    868478444,
    818022641,
    1739828591,
    1949840357,
    2606210027,
    370687282,
    2542367491,
    291133999,
    438532233,
    715534528,
    1477173933,
    1376227931,
    2613851050,
    432008779,
    36148730,
    328672903,
    1722724966,
    305168210,
    1043939436,
    2518752579,
    442208586,
    854442214,
    1367009309,
    2061723987,
    2485741485,
    2310042642,
    1463010399,
    1713859819,
   2421356133,
    2395053660,
    858643735,
    1382324180,
    1988892222,
    204771011,
    2209467623,
    1898543033,
    75651911,
    2441181935,
    2318698429,
    193588410,
    540044215,
    1878284406,
    2440743666,
    2061639328,
    597703870,
    124868556,
    1199864391,
    2560732921,
    110238026,
    1246274469,
    675578248,
    1511653060,
    418669986,
    18723306,
    1828639212,
    247195936,
    45682540,
    1004903782,
    41544115,
    901335255,
    2654772606,
    1160640544,
    2645211131,
    96162167,
    418757468,
    2515615855,
    839407476,
    1177535060,
    1311200606,
    1777890925,
    2692949629,
    1758822509,
    2414784885,
    141374781,
    74082102,
    1159208824,
    192878032,
    2741972862,
    90049702,
    1133649,
    1935653414,
    482535298,
    1001630978,
    2427803263,
    2365730070,
    205521714,
    522662322,
    2286059829,
    1172303672,
    2442986341,
    2443652033,
    1392345836,
    2620376030,
    1448959901,
    1947914953,
    486817145,
    409846367,
    1605340316,
    2494819212,
    1395464084,
    351318844,
    60002254,
    354679335,
    2215601144,
    151899421,
    200814002,
    83628899,
    2325602893,
    91027927,
    69924376,
    370189025,
    449621749,
    470337210,
    2374258463,
    1467130601,
    2376089772,
    2541945891,
    912518700,
    129215349,
    2599408785,
    2491932684,
    1711966837,
    1754808127,
    862353096,
    2608096897,
    2350899982,
    2757181751,
    170086490,
    2415411671,
    1687679231,
    819362269,
    259338597,
    2704334657,
    696306714,
    2571925418,
    1617409512,
    2378503649,
    1435176,
    2473192759,
    2588801927,
    416595217,
    1581897443,
    1669146840,
    746586700,
    1622658484,
    160040577,
    331776983,
    1919496951,
    2231123078,
    226445291,
    634288466,
    334856236,
    1534107355,
    2753288259,
    150980247,
    9251343,
    514363450,
    331283180,
    2239048572,
    1556024797,
    525294446,
    4703689,
    1461025166,
    409846367,
    1181060456,
    2322652593,
    1668514909,
    374383626,
    1286597504,
    2604150403,
    288159876,
    409818446,
    1850175919,
    2424853311,
    2018371248,
    2330573031,
    1611434354,
    2509513682,
    606768506,
    698134965,
    2559003442,
    1540766984,
    2357241058,
    1373543879,
    2241860804,
    1633101685,
    2402853345,
    529269925,
    1593452799,
    2630830538,
    1397554876,
    359362891,
    2237812423,
    265349855,
    668033658,
    2742509109,
    2537182203,
    101260047,
    201842417,
    1441679685,
    582335982,
    1688021930,
    497840557,
    838727722,
    2265168490,
    523062646,
    129514820,
    2563938477,
    1643367498,
    526980985,
    2346619496,
    182682813,
    654466374,
    2400530686,
    1894315815,
    274953331,
    92884217,
    1645210135,
    475681306,
    281137689,
    607466720,
    29463935,
    2506111009,
    555909464,
    2237265655,
    550801688,
    2322652583,
    2350372754,
    2424141840,
    2638198901,
    2464496566,
    102298957,
    467473137,
    214417191,
    863250571,
    2641819303,
    2021662173,
    2649714191,
    1628761546,
    133014080,
    2201302760,
    2654028363,
    1980808980,
    1353793031,
    2224078675,
    254674,
    2426783322,
    2025172918,
    1367247899,
    546727885,
    123210199,
    1822625588,
    373847208,
    60748652,
    1721281728,
    996380266,
    1454527177,
    1206530825,
    2544937553,
    1896948017,
    1896948017,
    2485934290,
    426098663,
    66626243,
    2275477788,
    175889469,
    1779394512,
    528624816,
    2312748520,
    171832169,
    173947820,
    145070276,
    238346703,
    596161325,
    2054214336,
    628752781,
    1733817870,
    2392320126,
    420165734,
    2647014872,
    1107743833,
    2282763721,
    690643432,
    1667296896,
    2746460974,
    2425374735,
    1897680193,
    126194924,
    2436881118,
    151512351,
    1410449135,
    2441332829,
    2600246466,
    1420415907,
    1895284866,
    743592650,
    2293969344,
    459774778,
    38320454,
    1505329860,
    1376227931,
    64092534,
    1911853409,
    2014722826,
    1200220775,
    2557154336,
    2392644972,
    2627929093,
    356960031,
    2437584870,
    2041622548,
    170629773,
    1942687957,
    2396976028,
    962088151,
    146330894,
    2408028398,
    178760984,
    479268506,
    2292608299,
    2581925848,
    407153981,
    1798268454,
    2591466373,
    525975249,
    58334809,
    1302369057,
    1833747284,
    82882201,
    17537,
    1815407378,
    2376237627,
    89211831,
    340595284,
    8233,
    1082501685,
    151680569,
    97642,
    1946682691,
    1141383051,
    2380410274,
    1081341151,
    471329439,
    299051530,
    2555365694,
    2349472249,
    116243009,
    1614450249,
    2410334639,
    2521051288,
    1944998164,
    865297629,
    1832367178,
    353886,
    1335236266,
    179952056,
    2710357720,
    2674308655,
    301276266,
    553683737,
    378019964,
    2216714162,
    2346060279,
    2630136945,
    1604152582,
    2238512472,
    447909255,
    153775176,
    961218681,
    2575481960,
    1858053491,
    2459721673,
    38742389742,
    1051849673,
    2720213648,
    2505414248,
    299347952,
    63530211,
    1074803712,
    421720178,
    555710383, -- SympingForArii
    602585249,
    633971654,
    1098242642,
    197434543,
    491363589,
    1960953740,
    1708886407, -- losercouncil
    729041721,
    383040849,
    1172714226,
    75505891,
    406364404,
    2701258789,
    521720434,
    326765308,
    1016354983,
    2049346249, -- losersalt
    330698661,
    292956598,
    274163264,
    2359931654,
    975754385,
    2066606134,
    1953629526,
    496745549,
    970976,
    112164736,
    180109153,
    2533211607,
    1296032730,
    1921179773,
    639231570,
    755072555,
    144389132,
    105430524,
    1622691236,
    2513569342,
    22900036,
    2044438983,
    408766031,
    1593877122,
    470503659,
    1054175735,
    170221136,
    1282497505,
    146147312,
    306168717,
    945709004,
    1895344517,
    1834481544,
    1033672317,
    1776415942,
    1862824183,
    301640248,
    2281693038,
    1558480914,
    818633124,
    506883040,
    2047463614,
    3708682,
    1558333182,
    2390505044,
    91683041,
    621378031,
    134587196,
    1087168814,
    2415068482,
    1380178370,
    352904177,
    2061226172,
    125759348,
    146600395,
    1021834403,
    2362120386,
    283227892,
    1982790508,
    128341839,
    2368105086,
    2326439743,
    471012879,
    174150767,
    1831902230,
    2517125263,
    2471421546,
    2052201602,
    123373307,
    1474675288,
    1672891117,
     329067757,
     2322742040,
     2400898679,
     2037806059,
     1617409512,
    472251921,
    1190595543,
    472391368,
    97170104,
    137608573,
    572354924,
    2027972222,
    653485880,
    2535689039,
    719860501,
    2660393327,
    76801848,
    911785572,
    1832367178,
    454166626,
    708526544,
    394709518,
    2761584348,
    297838241,
    441192649,
    2063434051,
    1866746013,
    2301820908,
    208023575,
    822544987,
    705773302,
    2336307038,
    1622732600,
    155342435,
    371687854,
    475017140,
    1191953442,
    1315277167,
    2383410082,
    727354549,
    1990901108,
    1328432823,
    1830794523,
    466611368,
    900573772,
    21875821,
    2363530435,
    67801776,
    1727913824,
    1808835141,
    2623405402,
    2503078262,
    2495851105,
    1962547554,
    114771384,
    1095394844,
    2047516707,
    594584587,
    267223269,
    323645954,
    1687828874,
    550843275,
    1434265463,
    2650740121,
    2042628238,
    322532949,
    118948831, 
    392325270,
    456464118,
    2463899552,
    1262756619,
    1362270489,
    335089659,
    87960030,
    1315541812,
    2396889158,
    2388368933,
    2382735567,
    908084709,
    312125703,
    11212285, -- scarface
    2501510052,
    748134395,
    1551906799,
    1906931477,
    1898676658,
    1110097395,
    2317196085,
    173740975,
    662232728,
    1884344200,
    1692509068,
    508086643,
    138313249,
    1455655228,
    1176512686,
    72014656,
    112524444,
    2678231742,
    949987427,
    1364477362,
    129777412,
    89576025,
    2350899982,
    1151498080,
    1156959982,
    1083035437, 
    118247021,
    1216863314,
    202106293,
    1518017803,
    749362542,
    1308561060,
    1127571615,
    2427845220,
    1433876900,
    572591592,
    2220556291,
    606047712,
    100183608,
    302713135,
    2400684842,
    1722471563,
    209425206,
    1628522340,
    495945933,
    2691085382,
    423994624,
    148285742,
    906229052,
    1181761708,
    2426426294,
    139613299,
    2370204824,
    1425606762,
    2520347482,
    930372410,
    241819213,
    2398592415,
    2056511904,
    2293397488,
    2533952745,
    1421112229,
    2046796018,
    865725338,
    146393153,
    1060469075,
    490937559,  
    2400925192,
    472491438,
    1684482400,
    344272193,
    32805181,
    2467204147,
    244918423,
    1890657251,
    446819644,
    326175054,
    351113470,
    2746106426,
    792422823,
    1074790222,
    1723879482,
    1601630094,
    127082302,
    272362815,
    1444563342,
    1041019131,
    1680068241,
    2579702969,
    1625378627,
    639035585,
    105728024,
    452309996,
    659994735,
    171832854,
    1269501847,
    152475371,
    1605012446,
    661340303,
    1339549922,
    275706811,
    1748268851,
    186015774,
    1790193651,
    1935430921,
    644880768, --acc
    56321284,
    1113653976,
    418090587,
    547180486,
    2300557078,
    107580995,
    579313261,
    6851467766,
    324715162,
    1248652314,
    1429369485,
    2235667967,
    2707408615,
    684084064,
    1382966434,
    702100616,
    1941991815,
    2241755636,
    1809453118,
    556945580,
    2315767528,
    1050709046,
    353034471,
    2610611749,
    1773528437,
    458158480,
    677430012,
    2353793820,
    2469667617,
    351275546,
    214676313,
    1699430332,
    2041622548,
    2408262558, 
    2013232413,
    604479841,
    2383894614,
    1466050527,
    397527257,
    1545321694,
    1000869646,
    271770967,
    2628292031,
    528624816,
    2540204118,
    1609261385,
    538725457,
    516384840,
    1034371482,
    1809453118,
    1104991279,
    1647737840,
    44651719,
    107364787,
    204143285,
    2036123268,
    552171100,
    390396919,
    176575059,
    547372304,
    164317863,
    709389216,
    1858677145,
    1493749922,
    2309678587,
    109572958,
    489810738,
    2598101394,
    451102823,
    1337305529,
    1611141042,
    1553863105,
    2414304483,
    2480534762,
    2597025206,
    1651862302,
    334868235,
    746026191,
    403919974,
    517450516,
    1809733103,
    112961565,
    540535270,
    109662031,
    2730774372,
    2520381419,
    279245167,
    188500646,
    2595204758,
    1669073408,
    38934650,
    78965476,
    433623752,
    1623129774,
    2035790803,
    499267496,
    1211602087,
    2055208181,
    1543600526,
    61874441,
    2654141744,
    2431356504,
    431808615,
    1976042096,
    2576173823,
    417922130,
    2220255318,
    6990487871,
    2245756032,
    1643511471,
    449421402,
    29280,
    2285429824,
    1611334619,
    1344550232,
    1385610535,
    34942196,
    169930697,
    192528958,
    1372106496,
    2315449810,
    1672429067,
    2351144328,
    2335371243,
    467182165, --for a week, youtube video
    1642742138,
    1303960051,
    1788136,
    1748161496,
    422666014,
    611670567,
    327124526,
    1997558618,
    22610670,
    1569520941,
    33669072,
    1173166610,
    717931801,
    2557214722,
    302543204,
    1115948707,
    502243161,
    221581185,
    1599629533,
    849820304,
    1597937774,
    2475391768,
    2541744640,
    1118543199,
    889592289,
    598815000,
    1629521784,
    1657476755,
    2358047761,
    1338850879,
    1194656472,
    305419517,
    2061808112,
    703126294,
    2379537839,
    699007710,
    1598729516,
    2637502009,
    261346541,
    878906981,
    1834728531,
    143271019,
    2055144573,
    2427202824,
    1896199369,
    186150627,
    394587182,
    1496689375,
    2248725983,
    2495555925,
    2516639487,
    2345888971,
    1506101368,
    -- 2469667617, Lel
    457977796,
    1521224302,
    1102825995,
    1962482464,
    2494800919,
    1936938682,
    982228761,
    1057019908,
    296997474,
    939105681,
    2545520412,
    23194678,
    1931474135,
    636110034,
    454690373,
    622580857,
    2029790554,
    2049953466,
    1083946086,
    399941795,
    346531848,
    397269812,
    2672621075,
    1567863722,
    356986048,
    1752506669,
    2200137006,
    100166366,
    854716992,
    1848426570,
    1948481044,
    1539374348,
    1565548276,
    1851163092,
    961137322,
    104634134,
    1835666179,
    1793128569,
    2383383196,
    2489735801,
    132590208,
    1687639604,
    66221377,
    1617800794,
    2504491538,
    2599904893,
    512488838,
    880431786,
    1591240008,
    2535595559,
    1559934812,
    227522037,
    2418360105,
    64776654,
    147602400,
    903062443,
    2481664722,
    121713472,
    245900873,
    2524697962,
    394803371,
    66833152, 
    97100580,
    2224530000,
    2525167692,
    2432227749,
    1727914311,
    1735871823,
    651636453,
    1646013441,
    2039035439,
    910748758,
    114518105,
    138141905,
    2330702534,
    1740249140,
    1566594230,
    418261263,
    1082632305,
    1939747536,
    2489320949, -- paid with proof
    496322685,
    1926449795,
    64411368,
    1222415514,
    1993526198,
    1670135514,
    679579972,
    2245558065,
    2562522731,
    1901051081,
    1779350161,
    2419207475,
    142312225,
    436473452,
    1306776125,
    2366880667,
    2241527807,
    430325969, -- KasysProperty
   1704138280,
    180425351,
    756746673,
    2632587407,
    2728241436,
    67837292,
    2297277986,
    1056344295,
    341652,
    921166987,
    1437148812,
    2355489039,
    1749869834,
    1424536666,
    503097163,
    2592959605,
    89447711,
    1653572419,
    2061226172,
    502426587,
    2568848584,
    362662760,
    255008338,
    77383553,
    2579528939,
    1471728591,
    2363325179,
    52537207,
    202144340,
    1619444446,
    1134001214,
    2288498207,
    789145262,
    348073246,
    61705658,
    260136414,
    2032486332,
    181677801,
    154539612,
    1965344426,
    393060017,
    82411775,
    2481253516,
    2008170502,
    2217167732,
    2390587362,
    1505922311,
    207688900,
    1205881244,
    2400377484,
    1771587392,
    43616955,
    2424720511,
    1427645176, 
    2480597039,
    273317723,
    1948718603,
    1900428927,
    233848727,
    1798804377,
    397781185,
    1305929242,
    1647652030,
    299100676,
    930317240,
    150632406,
    2481238731,
    152938704,
    212728685,
    848416031,
    1209699320,
    1755799583,
    2041051109,
    2526292139,
    538877070,
    414490862,
    2487789114,
    1597221241,
    1559654330,
    1142503763,
    426774453,
    1754077769,
    330648345,
    1512437174,
    152559061,
    1727761048,
    2550210034,
    166701126,
    2706767581,
    287808646,
    2493401683,
    2328457210,
    649737123,
    2032769740, -- who the fuck keep deleting this dude? i already whitelisted him 5 times by now
    2026838100,
    298792272,
    1168241730,
    115270716,
    652661505,
    680536007,
    446176867,
    2406243594,
    819129764,
    1862724183,
    1680099657,
    2575945605,
    1714647020,
    54251733,
    2239927362,
    145300085,
    2375863535,
    1226159211,
    1574998005,
    2518419672,
    188157367,
    2597791249,
    1934677873,
    2041622548,
    536563458,
    579359245,
    1991851799,
    1530011895,
    1927077765,
    379224341,
    1961160640,
    2042986005,
    2035429138,
    1258707356,
    1380178370,
    322705858,
    392999059,
    2409724568,
    1112423310,
    1418239779,
    2462082597,
    1927112674,
    1315311695,
    2480533382,
    2410290517,
    110615639,
    146486955,
    2642720201,
    41195001,
    1537868769,
    2261296273,
    1566731156,
    2473781074,
    2289117685,
    1736738991,
    541984990,
    2587872967,
    1311647243,
    122859752,
    1274501975,
    264158127,
    1849735199,
    2051341716,
    2597772483,
    1960811445,
    5811685,
    276873446,
    1145158980,
   -- 1503472566, scam, blaclisted
    107580995,
    1021055949,
    2312139243,
    349946887,
    2369716051,
    133899266,
    72808751,
    943976092,
    362366764,
    72014656,
    255266623,
    143676951, 
    125356309, 
    1571842554,
    2531439473,
    436559893,
    2581527241,
    1089115699,
    359391926,
    1562177312,
    40018,
    107579500,
    2571803243,
    2533247947,
    1808471173,
   2438857694, 
    190724879,
    419101096,
    1508682872,
    1247649739,
    205010970,
    2563537237,
    718633724,
    2292814087,
    715327701,
    2227808753, 
    154539612,
    1914230271,
    2232694832,
    2382692943,
    1297887471,
    1560330154,
    1522065764,
    2313292667,
    857049664,
    756627408,
    1265819,
    621280780,
   -- 201005439, impersonating me lol
    2067817773,
    150001384,
    2665406660,
    2516364930,
    1597812861,
    1176256785,
    2212695158,
    291440752,
    184864521,
    117145343,
    186527103,
    2419904920,
    478375016,
    112582010,
    2396428116,
    1654108630,
    144700607,
    2655144431,
    1917922156,
    2430756745,
    36254946, -- danysdemise
    2576472765,
    357559811,
    236781125,
    1989729733,
    2033958772,
    2556465469,
    2294188446,
    127318178,
    2510299262,
    1932643501,
    2265305096,
    2562147479,
    912342815,
    1790533158,
    495798315,
    2228967333,
   -- 2420306629, scammer
   161776027,
   30759115,
   2028527042,
   2570118574,
   83428470,
    355585716,
    221604805,
    76801848,
    2449648007,
    1834217454,
    2559909126,
    324620730,
    2054596915,
    659965910,
    1957910962,
    1783520681, 
    1479974676,
    2038313986,
    1946752036,
    260033157,
    890839429,
    861095917,
    2318567986,
    2409259709,
    1521405664,
    2410533718,
    107321995,
    78547080,
    729663655,
    2292376688,
    86592761,
    2670678544,
    1309570898,
    650780949,
    1763820145,
    2360966221,
    1823836104,
    1889742955,
    1793374881,
    2442640303,
    2410334639,
    237004885,
    1057421519,
    888140666,
    1899746369,
    112524444,
    2536071245,
    1673434139,
    2416499570,
    2426719912,
    2247299374,
    634332828,
    408961317,
    1595223028,
    2639278198,
    397754063, --paid?
    2621414614,
    1800331415,
    138831255,
    2066645915,
    440011886,
    2542377310,
    676117232,
    340360544,
    1770306165,
    1537222683,
    2242568934,
    225493776,
    105808342,
    141141421,
    259494229,
    1336269397,
    621011796,
    2489320949,
    256990633,
    2492453792,
    266068636,
    1651919919,
     2534384994,
    310926081,
    1587805634,
    175190440,
    2427450510,
    2538727988,
    1670441986,
    2373844153,
    2408168087,
    1286725789,
    2395031275,
    267049069,
    2308592218,
    150797247,
    2309445116,
    562737057,
    2005662226,
    729877677,
    2632552324,
    1570337563,
    159163466,
    1511731040,
    798509231,
    2288240567,
    906432237,
    1254564333,
    1993771454,
    1585130766,
    1069779408,
    1980026556,
    913850269,
    86523238,
    2047096134,
    313133111,
    2041954696,
    2521833266,
    235743626,
    1517247087,
    334849459,
    54033163, -- K9
    1823901606, -- sasd
    349828032,
    2649410557,
    1341798009,
    1496755840,
    528238655,
    398698822,
    191340464,
    2635821228,
    524543922,
    336664305,
    1024851142,
    1595397407,
    1864841143,
    189083280,
    166081818,
    1953370002,
    649360960,
    1159013374,
    1871568883,
    435932913,
    92844866,
    293859591,
    2475352808,
    1494501304,
    2021603406,
    419185935,
    819336725,
    337541806,
    2496200798,
    2361811141,
    177660181,
    469840476,
    2672225136,
    1974196246,
    1866861137,
    2403454425,
    1900267955,
    1495188755,
    2760416138,
    371768392,
    2656076774,
    1798140675,
    2542217521,
    2301455966,
    629531743,
    1949567996,
    1725144981,
    2338072838,
    2718570679,
    373877079,
    121266082,
    2508174117,
    13981127,
    2498706867,
    2460591030,
    984895411,
    779729993,
    914576273,
    2583158353,
    85671732,
    411702984,
    1125885551,
    2417083651,
    2666856422,
    2049637720,
    2552584388,
    1126483822,
    662919656,
    226224649,
    240119090,
    1737649092,
    1635787551,
    2380895775,
    2430338821,
    2238520070,
    1997704282,
    2447729742,
    1063324780,
    469645475,
    2292095110,
    689826970,
    2047864751,
    1192526061,
    2262511678,
    601366216,
    2295129551,
    109779043,
    1801072,
    326049804,
    2302766784,
    1574018402,
    349828032,
    2503369294,
    17597481,
    1753491849,
    380500296,
    115376030,
    2561215364,
    1649568868,
    675148742,
    2444175576,
    440070050,
    2236041157,
    528238655,
    417483705,
    109931950,
    907876907,
    1757304349,
    1103010400,
    1959368432,
    851719140,
    1521362641,
    2436226705,
    654608036,
    2458714164,
    142432512,
    1823363327,
    2369705301,
    18147244,
    418049562,
    160725927,
    2497156231,
    454145427,
    472813752,
    1952241120,
    143605963,
    441976300,
    498839636,
    26319612,
    2525829407,
    2455659548,
    663394070,
    1772849586,
    1506264653,
    114697418,
    2214013158,
    468344986,
    115376030,
    --1826873689, 
    1528089812,
    1109246512,
    2542619639,
    163008253,
    660275590,
    2209094901,
    296946548, 
    1828653893,
    51405555,
    1637056449,
    2037901932,
    519113951,
    143429305,
    596626987,
    377885220,
    437658096,
    77993402,
    1289058590,
    1166719997,
    2423176310,
    277164022,
    1637244757,
    23788749, 
  --  293859591,
    2482884958,
    1141198494,
    129820721,
    1212149087,
    1756901306,
    742914794,
    2036177797,
    2036177797,
    1380870855, 
    1598492570, 
    1868810541, 
    161143322,
    25169814,
    112011874,
    814288760,
    1802607707,
    1696348126,
    63214984,
    660080643,
    272772978,
    47202944,
    950457,
    1084345163, --sister?
    704897,
    1801218662,
    1575584028,
    573012123,
    552725920,
    2353820656,
    869361857,
    108415729,
    746815340,
    2426051830,
    281147976,
    379270370,
    2349247874,
    1306163876,
    2485475317,
    1618200741,
    674057050,
    1086148559, 
    2475619144,
    40781734, 
    100219006,
    182822215,
    1832539781,
    1907240146, 
    1523390112,
    1691714755,
    2317870019,
    1123808184,
    2357610986, 
    1477327608,
    500706249,
    909640047,
    2221731792,
    115376030,
    1311314444, 
    449952176,
    1985237460,
    2462886599,
    1496840892,
    1799792088,
    220375263,
    494429223,
    2251754295,
    71813210,
    488394302,
    252475523,
    177460765,
    2255706751,
    863428026,
    2587960922,
    1378067663,
    1789148165,
    162224224,
    2464076374,
    572945010,
    577332918,
    1580304454,
    149788762,
    276366492,
    2413571423,
    552499725,
    2471029649,
    680317666,
    2417790688,
    924595371,
    706632553,
    2487623856,
    2605959470,
    420534809,
    622116334,
    2579728010,
    1747276603,
    1277970851,
    37249222,
    2067143163,
    241948099,
    72201819,
    50813900,
    2376403576,
    1681540164,
    66834927, -- UhEternally
    200547759, -- Mas2n xD
    2503809985,
    498309394,
    338518562, -- OfficialTr0sh
    2025830384, -- KlutchBeenLit
    2045542926,
    409772658,
    491196139,
    1619444446,
    800516,
    1187295648, -- iheartchaise
    1350707967,
    281636174,
    1553985753,
    2376306014,
    314411850,
    340736620,
    2381633117,
    1604336616,
    132126273,
    1534983135,
    1939632345,
    1797800706,
    1756728367,
    2431618007,
    261181778,
    1567433749,
    71825,
    172939019,
    500941149,
    1274589388,
    2409253491, -- GIV3NNCHY
    453533832, -- CASHCONVERSATIONS
    85351886, -- skyminer26
    653485880,
    145708339, -- KingVro
    556478753,
    2067380536,
    633245173,
    2420352007,
    621067897,
    231663378,
    98494296,
    855350386,
    1054917046,
    2410556250,
    522697538,
    219571824,
    1371202024,
  --  1864736726,
    1387032578, -- Intagious
    1509780101, -- EBLOnits
    340636734,
    2045504461,
    722271952,
    1002466480,
    5184361, -- pwner46
    827901412,
    82120829,
    202954390,
    2001452655,
    2658645760,
    2469824198,
    2542063737,
    137509606,
    2208179869,
    1662297920,
    177783249,
    2533636297,
    2434332116,
    2492104941,
    1190331803,
    203275021,
    1281011624,
    2563766415,
    309869416,
    295168506,
    669340402,
    394604000,
    869181129,
    358878109,
    1140857471,
    1917125134,
    736253920,
    2308707937,
    184027588,  
    703846688,
    1712020681,
    2237035442,
    2206230391,
    2367340453,
    396831437,
    1049262058,
    340365503,
    2610753344,
    219866299,
    2408168087,
    305419517,
    2037969906,
    411342051,
    2471408882,
    348906203,
    469026940,
    2418015639,
    2483237826,
    1910016661,
    348298570,
    555934989,
    133066129,
    2359442558,
    95537733,
    2499671667,
    78804151,
    1522923060,
    627363488,
    1675753142,
    1928021622,
    371228659,
    2458970005,
    543651684,
    26003223,
    108415729,
    322381600,
    2590552069,
    654314079,
    1149074396,
    1920726364,
    1998728354,
    1617533898,
    2040934091,
    508137792,
    155389671,
    2258359548,
    1380651001,
    455353422,
    610629071,
    2595026307,
    2620887608,
    1283612016,
    703846688,
    2260248922,
    248558077,
    2412016665,
    695386553,
    2650234305,
    2034632646,
    2427163855,
    813629751,
    700973,
    1266410691,
    1978948423,
    2440465837,
    869896020,
    1246695540,
    1979187949,
    2574313698,
    2445804904,
    10355563,
    1808297763,
    305059347,
    2392317485,
    508423356,
    2455544042,
    330717243,
    1214991894,
    2650147041,
    1759590085,
    1950243554,
    839047015,
    116269910,
    170142516,
    317656261,
    102734009,
    2581812161,
    1362360666,
    83982670,
    2501361729,
    229877562,
    416882869,
    2523664140,
    501298110,
    2367871549,
    141868346,
    411488787,
    47647335,
    2061838409,
    102960505,
    222788755,
    2668584412,
    2516364930,
    1382324180,
    31602970,
    2035441228,
    508165991,
    220134614,
    2200765600,
    932528290,
    99806790,
    77034284,
    695178713,
    375496318,
    281370174,
    910641202,
    2217167732,
    1935618318,
    941977,
    895075144,
    15085274,
    1208381471,
    2688602321,
    863849752,
    96824996,
    111646480,
    554156590,
    821974515,
    38494,
    2220207870,
    2028895638,
    1436535785,
    1923678469,
    479112811,
    1462501887,
    681160246,
    679964845,
   1335269397,
    1098102465,
    1640896413,
    442517781,
    1104095245,
    2712256243,
    161969991,
    1179945216,
    2014674694,
    57136868,
    418193533,
    780391516,
    1048692223,
    126042223,
    1132354797,
    1063898560,
    1560450982,
    669593765,
    1708242350,
    217698991,
    503716816,
    347961744,
    2525374979,
    1423196006,
    591908974,
    976425021,
    873496876,
    30759115,
    1181401177,
    437779631,
    73839108,
    2603752536,
    161734144,
    1597033329,
    2051929231,
    1947114934,
    1645338109,
    703243507,
    426849909,
    2339426380,
    83447330,
    2669453805,
    1794915726,
    463247,
    1647399773,
    100590677,
    81245498,
    2322012833,
    8455748,
    1995367606,
    1628806887,
    2398628629,
    1464368462,
    330610419,
    683015494,
    1047799451,
    1511176629,
    1937650769,
    179834365,
    955816281,
    37549691,
    205010970,
    2054087109,
    2267073602,
    2291157268,
    654608036,
    529707596,
    527980718,
    2462041228,
    174696949,
    817913816,
    974713864,
    1248877716,
    906589515,
    2214556422,
    1701119821,
    1768008821,
    1132282862,
    2241170086,
    2067817773,
    1555760942,
    2283402080,
    67955953,
    211344942,
    2409009553,
    1585834304,
    1696292625,
    365441540,
    2587781284,
    1783118883,
    410465819,
    1511010,
    1624076220,
    2329993002,
    414466625,
    1185190431,
    239118272,
    207850591,
    1440536234,
    2528202476,
    2218222078,
    342514701,
    1356882691,
    138386257,
    2310615769,
    1720112256,
    2331379742,
    1808574488,
    92964621,
    502999933,
    2640267112,
    822843721,
    690873662,
    205897053,
    1285647368,
    1317622755,
    1270534075,
    655382636,
    505910115,
    207468323,
    544418568,
    207468323,
    2568207470,
    195627100,
    2207943176,
    1942028478,
    2374240153,
    1880219760,
    656250854,
    1580304454,
    466492453,
    1374387400,
    2443619453,
    30407238,
    2558310926,
    151926139,
    606005496,
    521544315,
    2410120219,
    1175920573,
    155364834,
    371491345,
    516773317,
    2363313446,
    2620169069,
    1671527033,
    516773317,
    2051572996,
    1834329292,
  --  2256924710, scammer
    196365141,
    62533759,
    643639431,
    1761358698,
    388827312,
    478391244,
    228180052,
    174998603,
    1395933195,
    1180559357,
    1679195515,
    379761260,
    512295331,
    1271628989,
    1955699946,
    2689784854,
    618333812,
    2514588952,
    363337699,
    2469517156,
    2368484680,
    758491848,
    1244437708,
    194084823,
    938963483,
    103752918,
    77862128,
    1345008680,
    418087873,
    2305387474,
    2556456209,
    2522550447,
    298004663,
    1085195228,
    154756161,
    458108360,
    113633353,
    1614641179,
    169270396,
    1810626933,
    1380337062,
    1316440647,
    2438906958,
    1406531780,
    168380056,
    2582292382,
    372925937,
    562551341,
    75769929,
    266912171,
    981804952,
    176738080,
    1896206305,
    115151204,
    216548606,
    63619255,
    1896206305,
    412128746,
    1933301974,
    1695752629,
    213405653,
    1487611719,
    134749734,
    2474781477,
    136201407,
    2565887272,
    1729873318,
    139996255,
    366208712,
    1488895553,
    1791091408,
    59072523,
    82201932,
    1702037883,
    1816520398,
    447939469,
    472633823,
    1533032639,
    60833803,
    2327107768,
    2203763654,
    2462956569,
    1660451087,
    2375409019,
    1135024048,
    1729873318,
    663275231,
    2592063769,
    316274941,
    1859136231,
    2600182889,
    2429022046,
    1891395786,
    2554112786,
    921721583,
    2422995285,
    1135024048,
    2214789363,
    305608437,
    2481542949,
    70360650,
    158831651,
    182448910,
    960890257,
    2420371082,
    133962762,
    311844460,
    2312924305,
    113275110,
    2407828994,
    87876013,
    121250653,
    1742204948,
    1654362429,
    561397459,
    1314145120,
    233417371,
    2468675936,
    2261950505,
    300765240,
    113125880,
    2788229376,
    1995965306, --Korblox acc
    1490920974,
    2337071466,
    2060072135,
    1429569,
    145890734,
    302687703,
    2468880527,
    2578909935,
    1201385165,
    445598960,
    2252699399,
    2027797042,
    311656251,
    233644995,
    2580339280,
    424258939,
    2055248698,
    113125880,
    1791333922,
    144977678,
    1625904038,
    2608393018,
    2266252689,
    946841535,
    1666450371,
    2386999108,
    2009335462,
    394457620,
    1464353830,
    2272802992,
    1824350022,
    2603632413,
    2488704382,
    2325325401,
    441407328,
    104163037,
    2562377268,
    1054118,
    2388392997,
    1957521952,
    492526471,
    2528519735,
    2315080711,
    997940819,
    1663441668,
    1920087114,
    193865061,
    2754828009,
    1737719562,
    2057234893,
    2233064803,
    378829139,
    1915000634,
    1073769938,
    324559873,
    62272299,
    93929615,
    1658555612,
    103082221,
    2223812269,
    2061469228,
    1856978855,
    243151376,
    101794618,
    758005380,
    657075171,
    2266287817,
    2429813153,
    650289375,
    1446263847,
    1891511655,
    130735744,
    865109692,
    2367836239,
    2393928462,
    2438792233,
    2538277333,
    842854282,
    1059017796,
    396766248,
    324540268,
    340360544,
    300143792,
    2378194157,
    93097825,
    1012123940,
    387508669,
    2385413377,
    180998163,
    980101963,
    1392061853,
    1577100870,
    199911796,
    2368437614,
    2402960606,
    329059574,
    2205669313,
    418193205,
    160075776,
    455410185,
    401018830,
    1608923180,
    2788229376,
    2045297791,
    2254174519,
    2341793313,
    479294170,
    2635801096,
    2550107392,
    106335211,
    445377020,
    179846949,
    1042856730,
    2274953886,
    1756437969,
    2450085906,
    1493598677,
    1379248056,
    1676047858,
    858786402,
    453568,
    1263899088,
    907951879,
    2401329921,
    1804908041,
    268443288,
    2693123620,
    417958141,
    1657778561,
    1342856748,
    1779991100,
    1277933729,
    2312739638,
    2025912341,
    426350526,
    190388949,
    1025105992,
    490937559,
    236440171,
    123058519,
    1811920228,
    1451805935,
    1748198758,
    671722722,
    489025976,
    502791410,
    2394118222,
    2209095646,
    39747353,
    1486489754,
    386586160,
    1993771454,
    1445566067,
    1830779657,
    662607189,
    2729703821,
    2634802147,
    428729445,
    1942760703,
    684118758,
    1248738383,
    1553276316,
    1649748474,
    94898879,
    77180579,
    1741482799,
    1241870866,
    2577729030,
    1323669378,
    106491281,
    704071723,
    341459872,
    2381511311,
    2284026179,
    660888280,
    162884591,
    125395919,
    1181831597,
    309316762,
    552409957,
    493472965,
    2432341300,
    61346283,
    224622927,
    669392191,
    2423416069,
    2592200991,
    1658131033,
    2365709118,
    2020639878,
    1933742719,
    140200198,
    967745999,
    163421740,
    1252397479,
    76398247,
    1230768943,
    1715421639,
    2400356035,
    1740065352,
    1652712060,
    1528831238,
    2373968056,
    2000951167,
    96352415,
    272253337,
    2389474772,
    469941236,
    423781130,
    1180059436,
    2606613810,
    2630885551,
    73981688,
    299790638,
    468104442,
    91566937,
    1151705683,
    82606436,
    1596422407,
    461544876,
    457836244,
    95352415,
    1581954311,
    1830653336,
    162116962,
    2669884760,
    496684002,
    824108481,
    496912039,
    2462840321,
    1611105815,
    2682786505,
    273258776,
    1030330791,
    1632764387,
    1675608707,
    540609254,
    343795964,
    1752010307,
    85590148,
    1993526198,
    2336603543,
    178074474,
    911518255,
    872017532,
    2556502799,
    2513031130,
    72697458,
    698962813,
    163421740,
    577902954,
    483364653,
    2672076877,
    103660432,
    1569732361,
    2602831382,
    674856074,
    2681467054,
    1096454087,
    2379890137,
    1942657122,
    1859458344,
    81685841,
    1924849123,
    174869110,
    266826178,
    2703026085,
    2021903296,
    1821042846, --2 days
    55471701,
    81685841,
    2507860323,
    42514359,
    1886654472,
    95012432,
    1682244466,
    1574059617,
    300141009,
    2585008919,
    2508733319,
    952772126,
    969192549,
    2410467155,
    1363659454,
    230985439,
    2572703438,
    1136905542,
    2341095134,
    2445246946,
    1674393543,
    1530011895,
    136302493,
    2520662335,
    1581698840,
    1515395473,
    813162207,
    647860281,
    366594713,
    1123319778,
    324628850,
    591341396,
    63495173,
    80603110,
    155385638,
    2577850544,
    2294746906,
    943206226,
    2061171816,
    51447483,
    134400915,
    73130597,
    246365784,
    178219906,
    96614872,
    1341513276,
    1146659470,
    1544032187,
    1204943489,
    1610368273,
    531371821,
    1497582552,
    350423816,
    139963321,
    395488856,
    1779815946,
    1040445652,
    125259072,
    2668174563,
    345000188,
    143699453,
    1266410691,
    2061886541,
    324675312,
    440740,
    1165704305,
    1516704545,
    466611368,
    1186832590,
    2704904357,
    1523348727,
    84074036,
    1536957109,
    2528361333,
    1658377227,
    637049639,
    1028976018,
    659364859,
    2371077302,
    2648764634,
    1203391358,
    2553601630,
    1679674810,
    32780021,
    1526728687,
    2248497266,
    1178153391,
    2459866884,
    660914908,
    1590632305,
    2577728030,
    855350386,
    910527062,
    1904931413,
    774076771,
    1675601252,
    39693661,
    2274510067,
    2607899341,
    2650740121,
    1046583479,
    520812787,
    1436059325,
    660900836,
    1894997583,
    998984412,
    1462940610,
    1561275149,
    2376496573,
    1906716050,
    49166970,
    129712675,
    2614158668,
    1932372440,
    182563692,
    665928942,
    2523093755,
    47684,
    347856565,
    1856458249,
    2450332311,
    2564956980,
    234254479,
    430154839,
    2012994936,
    2614574917,
    200572090,
    1567546461,
    1449560424,
    905966375,
    361879784,
    2225513449,
    171832854,
    208560324,
    2599557193,
    2731609662,
    2757520884,
    1275078299,
    1786106647,
    412206438,
    238784707,
    418197347,
    392547155, 
    2678231742,
    74420003,
    374179007,
    188926133,
    1563034032,
    577100742,
    1506858234,
    1043052252,
    1207182682,
    523619173,
    34633495, 
}

--\\ Don't mess with anything below this
function swagnames()
    for _,Player in pairs(game:GetService('Players'):GetChildren()) do
        if table.find(Diamond, Player.UserId) then
            if Player.Character then
                if Player.Character.Parent.Name == 'Players' then
                    Player.Character:FindFirstChildWhichIsA('Humanoid').DisplayName = ('[ðŸ’Ž]' .. Player.DisplayName)
                end
            end
        elseif table.find(cucumber, Player.UserId) then
            if Player.Character then
                if Player.Character.Parent.Name == 'Players' then
                    Player.Character:FindFirstChildWhichIsA('Humanoid').DisplayName = ('[ðŸ¥’]' .. Player.DisplayName)
                end
            end
        elseif table.find(Crown, Player.UserId) then
            if Player.Character then
                if Player.Character.Parent.Name == 'Players' then
                    Player.Character:FindFirstChildWhichIsA('Humanoid').DisplayName = ('[ðŸ‘‘]' .. Player.DisplayName)
                end
            end
        elseif table.find(Lighting, Player.UserId) then
            if Player.Character then
                if Player.Character.Parent.Name == 'Players' then
                    Player.Character:FindFirstChildWhichIsA('Humanoid').DisplayName = ('[âš¡]' .. Player.DisplayName)
                end
            end      
        elseif table.find(Ghost, Player.UserId) then
            if Player.Character then
                if Player.Character.Parent.Name == 'Players' then
                    Player.Character:FindFirstChildWhichIsA('Humanoid').DisplayName = ('[ðŸ‘»]' .. Player.DisplayName)
                end
            end
        elseif table.find(NoEmoji, Player.UserId) then
            if Player.Character then
                if Player.Character.Parent.Name == 'Players' then
                    Player.Character:FindFirstChildWhichIsA('Humanoid').DisplayName = Player.DisplayName
                end
            end
        elseif table.find(Tear, Player.UserId) then
            if Player.Character then
                if Player.Character.Parent.Name == 'Players' then
                    Player.Character:FindFirstChildWhichIsA('Humanoid').DisplayName = ('[ðŸ’‰SwagModeðŸ©¸]' .. Player.DisplayName) -- SINCE I DONT HAVE ADMIN PERM SO I TOOK CUSTOM EMOJI
                end
            end
         elseif table.find(ja, Player.UserId) then
            if Player.Character then
                if Player.Character.Parent.Name == 'Players' then
                    Player.Character:FindFirstChildWhichIsA('Humanoid').DisplayName = ('Bamp KID')
                end
            end
         elseif table.find(senpai, Player.UserId) then
            if Player.Character then
                if Player.Character.Parent.Name == 'Players' then
                    Player.Character:FindFirstChildWhichIsA('Humanoid').DisplayName = (Player.DispalyName .. 'is horny')
                end
            end
        elseif table.find(kristina, Player.UserId) then
            if Player.Character then
                if Player.Character.Parent.Name == 'Players' then
                    Player.Character:FindFirstChildWhichIsA('Humanoid').DisplayName = ('kristinaaaaaaaaaaaaaaaaaaaaaaaaaaaaaaaaaaaaaaaaaaaaaaaaaaaaaaaaaaaaaaaaaaaaaaaaaaaaaaaaaaaaaa')
                end
            end
        elseif table.find(medal, Player.UserId) then
            if Player.Character then
                if Player.Character.Parent.Name == 'Players' then
                    Player.Character:FindFirstChildWhichIsA('Humanoid').DisplayName = ('[ðŸŽ–ï¸] ' .. Player.DisplayName)
                end
            end 
        elseif table.find(ABC, Player.UserId) then
            if Player.Character then
                if Player.Character.Parent.Name == 'Players' then
                    Player.Character:FindFirstChildWhichIsA('Humanoid').DisplayName = ('ðŸ˜‚' .. Player.DisplayName)
                end
            end 
        elseif table.find(ModIDS, Player.UserId) then
            if Player.Character then
                if Player.Character.Parent.Name == 'Players' then
                    Player.Character:FindFirstChildWhichIsA('Humanoid').DisplayName = ('[â­]' .. Player.DisplayName)
                end
            end
        else
            if Player.Character then
                if Player.Character.Parent.Name == 'Players' then
                    if not Player.Character.UpperTorso:FindFirstChild('OriginalSize') then
                        Player.Character:FindFirstChildWhichIsA('Humanoid').DisplayName = ('[ðŸ˜Ž]' .. Player.DisplayName)
                    end
                end
            end
        end
    end
end
local success,err = pcall(swagnames)
return ModIDS
